bat1.txt.kalman.txt    30
1  0.603827  0.142818  0.0279489  0.0871938  0.0970741  0.0202407  0.0548074  0.0128333  0.0179564  0.0110847  0.00771555  0.0278027  0.0328985  0.0233725  0.0222564  0.0261509  0.0130892  0.0177138  0.00146001  0.00366955  0.00282209  0.00759363  0.00952041  0.000457925  0.00968297  0.00687518  0.0099365  0.00479428  0.00324281  

bat2.txt.kalman.txt    30
1  0.622939  0.146432  0.0193978  0.0850448  0.0896104  0.024888  0.0529101  0.00987654  0.0128817  0.0108864  0.0053761  0.0332163  0.0303997  0.0237894  0.0212396  0.0253026  0.00825119  0.0145697  0.00573847  0.00266186  0.00547102  0.00620417  0.00836214  0.00397543  0.00818315  0.00754714  0.00722333  0.00501644  0.00455225  

bat3.txt.kalman.txt    30
1  0.594545  0.147526  0.0423613  0.0894351  0.078344  0.015972  0.0450756  0.0112842  0.0201158  0.0122348  0.0217933  0.0356026  0.0344246  0.027741  0.021378  0.0124443  0.0105461  0.0278792  0.0113637  0.00437322  0.0100026  0.000801661  0.00434969  0.00906767  0.0103288  0.0050829  0.00546486  0.0075876  0.00771046  

bat4.txt.kalman.txt    30
1  0.619326  0.13851  0.0345041  0.0904373  0.0842089  0.0237592  0.0470307  0.0071854  0.0181768  0.0110716  0.0205276  0.0421973  0.0340255  0.0318605  0.0234254  0.0115142  0.0175006  0.0256485  0.00965559  0.00766167  0.0123687  0.0039113  0.00583971  0.0112028  0.0080949  0.0092079  0.00839174  0.00296852  0.010424  

bat5.txt.kalman.txt    30
1  0.578101  0.151991  0.0443205  0.0946501  0.0819308  0.00852083  0.0501888  0.0138608  0.0159604  0.0069321  0.0185889  0.0194878  0.0384992  0.0197149  0.0181082  0.0227981  0.0124986  0.0253557  0.0044742  0.00428001  0.00325637  0.00633554  0.00578573  0.00142589  0.00944434  0.00582341  0.00703295  0.0011507  0.00303753  

bat6.txt.kalman.txt    30
1  0.628065  0.133181  0.0275317  0.0843542  0.10126  0.0282948  0.0514592  0.00813383  0.012812  0.013732  0.0149458  0.0412845  0.0362746  0.0254692  0.0270119  0.0313903  0.0192794  0.0247113  0.0120775  0.00627392  0.00772633  0.00871235  0.00861169  0.00256576  0.00321536  0.00868318  0.00786448  0.00616966  0.00552901  

bat7.txt.kalman.txt    30
1  0.617167  0.147917  0.0250939  0.0894122  0.0912509  0.0251864  0.0508177  0.00752508  0.0187588  0.0121469  0.00659092  0.0293065  0.0297544  0.0261607  0.0229756  0.0196953  0.00996459  0.0191488  0.00536165  0.00207164  0.00744467  0.0067863  0.00891606  0.00426905  0.00698024  0.00875993  0.00881253  0.0020293  0.00498691  

bat8.txt.kalman.txt    30
1  0.609825  0.145379  0.0372182  0.0961536  0.0848999  0.0207467  0.0445424  0.0052371  0.0167404  0.0139744  0.0219085  0.0350402  0.0308777  0.025304  0.021078  0.0125277  0.0126107  0.0222677  0.00751511  0.00516477  0.00827271  0.0034467  0.00423843  0.00666337  0.00561489  0.00683793  0.00357537  0.0055402  0.00930294  

bat9.txt.kalman.txt    30
1  0.603373  0.154334  0.0306324  0.0982363  0.0831022  0.0138847  0.0549713  0.0119605  0.0210606  0.0115788  0.0156292  0.0281748  0.0375481  0.0199675  0.0252597  0.0259317  0.0135522  0.0201374  0.00435876  0.00835  0.00493585  0.00774896  0.00924786  0.00106698  0.00851739  0.0065398  0.00768176  0.00222301  0.00448489  

bat10.txt.kalman.txt    30
1  0.613451  0.14892  0.0234736  0.0931137  0.0927321  0.023363  0.0542697  0.00941668  0.0167407  0.0112985  0.00833456  0.0299644  0.0297747  0.0274444  0.0223071  0.0210868  0.00836923  0.0167592  0.00640587  0.00218882  0.00742053  0.00634085  0.00837209  0.00600884  0.00712626  0.00792501  0.00717496  0.0025758  0.00469654  

flatfish1.txt.kalman.txt    30
1  0.136988  0.182147  0.0153072  0.0241354  0.0384249  0.0338633  0.0507383  0.01843  0.0149846  0.00416234  0.0010602  0.011774  0.00223347  0.00696971  0.00908413  0.00707863  0.00377466  0.00254619  0.0083613  0.00554235  0.00602559  0.00595674  0.0025193  0.00144143  0.00180864  0.00176951  0.00266026  0.000977489  0.00404746  

flatfish2.txt.kalman.txt    30
1  0.130826  0.178496  0.0168939  0.0199567  0.0407268  0.0357449  0.0490014  0.014626  0.0123267  0.00706743  0.00113644  0.0118616  0.00173636  0.00502777  0.00908625  0.00622106  0.00403436  0.00125353  0.00769024  0.00408603  0.00638415  0.00389688  0.000945923  0.00195845  0.00111148  0.00136218  0.0031828  0.000504027  0.00429498  

flatfish3.txt.kalman.txt    30
1  0.153092  0.215416  0.0333988  0.00867332  0.0516945  0.0408758  0.0477297  0.00923701  0.00652212  0.00699612  0.010127  0.00924683  0.00515117  0.0100038  0.00670721  0.00580719  0.00228565  0.0108874  0.00866988  0.00892261  0.00576824  0.00563757  0.00231069  0.00454441  0.00122197  0.00146446  0.00315116  0.000962571  0.00236695  

flatfish4.txt.kalman.txt    30
1  0.156245  0.217282  0.026823  0.0098878  0.0593548  0.0413809  0.0496877  0.0064765  0.00904839  0.0144344  0.00629785  0.00908282  0.00540625  0.0116332  0.0107536  0.00904367  0.00393837  0.0172528  0.00960477  0.00991045  0.00710995  0.00235019  0.00552545  0.00277287  0.00774668  0.00654042  0.00128026  0.00208371  0.00111932  

flatfish5.txt.kalman.txt    30
1  0.14073  0.196012  0.00808474  0.00798902  0.0447674  0.0359002  0.0520146  0.0120986  0.00994183  0.00717359  0.00482706  0.0110446  0.00190443  0.00592754  0.00842226  0.00204736  0.00792377  0.00209131  0.010164  0.00204242  0.00592562  0.00313191  0.00246477  0.00146707  0.00392342  0.00158893  0.00321935  0.00204536  0.00122466  

flatfish6.txt.kalman.txt    30
1  0.143161  0.203194  0.0122879  0.0151262  0.0419622  0.0381279  0.0555812  0.0216692  0.0183808  0.0100576  0.00441976  0.016141  0.00179951  0.00311387  0.0118639  0.0104051  0.00952177  0.00346974  0.010794  0.00802951  0.00605568  0.00700911  0.00253166  0.00258365  0.00546586  0.00324214  0.0026268  0.0026971  0.00330301  

flatfish7.txt.kalman.txt    30
1  0.136038  0.173157  0.0180137  0.0243278  0.0364613  0.0349614  0.0508713  0.0187737  0.0160675  0.00604643  0.00167799  0.0119503  0.00322973  0.00618559  0.00830368  0.00957633  0.00295784  0.00288796  0.00687275  0.00481623  0.00561244  0.00492013  0.00251077  0.00177121  0.00160415  0.00100254  0.0026922  0.00163779  0.00449099  

flatfish8.txt.kalman.txt    30
1  0.155935  0.212713  0.0229601  0.00770025  0.0558829  0.0373772  0.0473021  0.00618551  0.00873441  0.0119035  0.00479351  0.00817001  0.0045767  0.00709619  0.00787709  0.00371928  0.00417974  0.01009  0.00753627  0.00553059  0.00566527  0.00206562  0.00172573  0.00249791  0.00188088  0.00277493  0.00238845  0.000758559  0.00209758  

flatfish9.txt.kalman.txt    30
1  0.134234  0.19504  0.00606759  0.0126249  0.0453966  0.0374938  0.0518111  0.0137161  0.0119644  0.0056555  0.00256129  0.0115144  0.000788333  0.0038191  0.00877834  0.0030513  0.00732176  0.00324409  0.0105751  0.00394833  0.00835187  0.00309967  0.00307757  0.00215273  0.00243654  0.00248864  0.00347034  0.00254816  0.00518507  

flatfish10.txt.kalman.txt    30
1  0.143593  0.190236  0.0163765  0.0157328  0.0412259  0.0345963  0.0504414  0.00841393  0.0135126  0.00813542  0.00446685  0.0116872  0.00149335  0.00557637  0.0101596  0.00546967  0.00276829  0.00330325  0.00869327  0.00450895  0.00549752  0.00223797  0.00210019  0.00288628  0.000231297  0.000716742  0.00327608  0.00145155  0.00455927  

hammer1.txt.kalman.txt    30
1  0.540698  0.10387  0.0428676  0.0763064  0.0221942  0.0584907  0.0376788  0.00746555  0.0324121  0.0124385  0.00578752  0.00817726  0.0103701  0.00766806  0.00413231  0.0107145  0.00667089  0.00522424  0.0101835  0.00460122  0.00419359  0.00626885  0.0116681  0.00661327  0.00159329  0.00461309  0.00626961  0.00158996  0.00345529  

hammer2.txt.kalman.txt    30
1  0.53904  0.099851  0.0414378  0.0746445  0.0249423  0.0597575  0.0335885  0.0104342  0.0338102  0.0104858  0.00396825  0.00988964  0.0114414  0.0083443  0.00406816  0.0103073  0.00832022  0.00215721  0.00879244  0.00475989  0.0065985  0.00573384  0.00727957  0.00983031  0.00248186  0.00182296  0.00565587  0.00109807  0.00471304  

hammer3.txt.kalman.txt    30
1  0.454735  0.122416  0.0610106  0.0789984  0.0308443  0.0336484  0.0479105  0.0334212  0.0154452  0.0115794  0.0154358  0.00841392  0.00461426  0.0046456  0.00891823  0.0135143  0.00545306  0.0139209  0.00985871  0.00593812  0.00801375  0.0136676  0.00793414  0.00774255  0.00374248  0.00404539  0.00205209  0.00397957  0.0022804  

hammer4.txt.kalman.txt    30
1  0.437858  0.119723  0.0696144  0.0781367  0.0306434  0.0302194  0.0521495  0.0398134  0.00928476  0.0145062  0.0179324  0.0120159  0.00932554  0.00441906  0.0170588  0.0100834  0.00854975  0.0149813  0.00706102  0.0054146  0.00169002  0.00769922  0.00579166  0.00167576  0.00662152  0.00305998  0.00398458  0.00382604  0.00193166  

hammer5.txt.kalman.txt    30
1  0.470557  0.122036  0.0595262  0.0792267  0.0238839  0.0383192  0.0465622  0.0249351  0.0192647  0.0136937  0.0134533  0.00909521  0.00389897  0.00501578  0.00434249  0.0123158  0.00299398  0.00648049  0.00861342  0.00333889  0.00825902  0.0097269  0.00600848  0.00342007  0.00661698  0.00317363  0.00202721  0.00119567  0.00557418  

hammer6.txt.kalman.txt    30
1  0.485492  0.109621  0.0547703  0.0824905  0.0127658  0.0601037  0.0576937  0.0145951  0.0374576  0.00858451  0.013923  0.0225344  0.00275922  0.00666948  0.00330952  0.0110099  0.00114772  0.003523  0.00812505  0.007978  0.00803546  0.00171675  0.00765433  0.00638884  0.00618275  0.00184266  0.00559042  0.002268  0.00320708  

hammer7.txt.kalman.txt    30
1  0.572896  0.0879828  0.0417065  0.0792045  0.0367639  0.0620208  0.0270642  0.0204209  0.0347258  0.0147094  0.00524474  0.00890476  0.0163094  0.0134451  0.00547611  0.0115616  0.017375  0.00175981  0.00343743  0.0032201  0.000906837  0.00338266  0.00532032  0.0100496  0.00256212  0.00182667  0.00313375  0.00415505  0.00396399  

hammer8.txt.kalman.txt    30
1  0.454553  0.120892  0.0610892  0.0797772  0.027286  0.0354577  0.0477301  0.0298802  0.013726  0.0112637  0.0134051  0.00865801  0.00364789  0.00510341  0.00428419  0.0120388  0.00393582  0.00874706  0.0063622  0.00324866  0.00593144  0.0104085  0.00588694  0.00231065  0.00644889  0.00170351  0.00232838  0.00276512  0.00682584  

hammer9.txt.kalman.txt    30
1  0.503568  0.111614  0.0495182  0.0749652  0.0164741  0.0504233  0.0402119  0.0106974  0.0267671  0.0112199  0.0069307  0.0101207  0.00686819  0.00759598  0.00497507  0.0131905  0.00155039  0.00186448  0.00799588  0.00613621  0.00568566  0.000461775  0.00765105  0.0047883  0.00209779  0.00273162  0.00258176  0.00175594  0.000430457  

hammer10.txt.kalman.txt    30
1  0.521359  0.109094  0.0459813  0.0756678  0.0189634  0.0546035  0.0395393  0.00840089  0.0282894  0.010497  0.00589694  0.00925949  0.00830045  0.00731252  0.00517093  0.0114922  0.00364418  0.00166207  0.00776704  0.00560656  0.00505327  0.00180134  0.00795697  0.00492446  0.00205474  0.00260434  0.0033223  0.00113048  0.00131703  

key1.txt.kalman.txt    30
1  0.442665  0.0489088  0.0549798  0.00697862  0.0659165  0.0272889  0.00870671  0.0100747  0.00851012  0.00119278  0.00996295  0.00905528  0.00926619  0.0107318  0.0137542  0.00684017  0.00802586  0.00192638  0.001331  0.00473583  0.000807581  0.00522461  0.00376985  0.00104214  0.00191051  0.000484349  0.00372114  0.00292374  0.00180221  

key2.txt.kalman.txt    30
1  0.439099  0.050935  0.0551149  0.0113898  0.0656312  0.0268315  0.0111528  0.00796651  0.01029  0.00111098  0.0114831  0.0102527  0.00906461  0.00836112  0.0130555  0.00436402  0.00862293  0.000419939  0.00226843  0.00461261  0.0010592  0.00501006  0.00298582  0.00067243  0.00128696  0.00129834  0.00294605  0.00239287  0.00259161  

key3.txt.kalman.txt    30
1  0.391971  0.00528963  0.0332128  0.033567  0.0524668  0.0316647  0.000478058  0.0171961  0.00303965  0.00499337  0.00973778  0.00187181  0.0100435  0.014487  0.00788434  0.0164214  0.0101084  0.00865983  0.00139394  0.0132074  0.00305193  0.00935363  0.00503924  0.00259091  0.00457382  0.00162537  0.00463196  0.00177235  0.00270608  

key4.txt.kalman.txt    30
1  0.394195  0.00373673  0.0381114  0.0421037  0.0498838  0.0336364  0.00334688  0.0196593  0.000172049  0.00464767  0.00844724  0.00266846  0.0108934  0.0177815  0.00602967  0.0223962  0.0140563  0.00662082  0.00156527  0.00858887  0.00557822  0.00248595  0.00118116  0.00246448  0.00175394  0.00295365  0.00297507  0.00358732  0.00128894  

key5.txt.kalman.txt    30
1  0.4097  0.0190891  0.0423431  0.0254042  0.0573697  0.0295566  0.00191669  0.0138039  0.00529013  0.00590272  0.00910115  0.00401461  0.00992513  0.0148826  0.00655172  0.010595  0.00858456  0.00277934  0.00273627  0.00411149  0.00476992  0.00339275  0.00356531  0.00304629  0.000132944  0.00281439  0.002579  0.00135276  0.00206455  

key6.txt.kalman.txt    30
1  0.42161  0.0268106  0.0453849  0.0130774  0.0670336  0.0312768  0.0103488  0.0181549  0.00620196  0.0104627  0.0148233  0.00695493  0.00890616  0.0182182  0.00559206  0.00963021  0.0129993  0.00793923  0.0089304  0.00139591  0.00490992  0.00420352  0.00521271  0.00590194  0.00266629  0.00275642  0.00232157  0.00198065  0.00256634  

key7.txt.kalman.txt    30
1  0.415259  0.0350875  0.0454812  0.015526  0.0624676  0.0317497  0.00995472  0.0135706  0.00737284  0.00445258  0.0119028  0.00420558  0.00921193  0.0114897  0.0101722  0.00794373  0.0109827  0.00187921  0.00163725  0.00290954  0.00162104  0.00851152  0.00289612  0.00232978  0.00158608  0.00316612  0.00112157  0.00272039  0.00228194  

key8.txt.kalman.txt    30
1  0.388028  0.00682027  0.0345122  0.0360801  0.0484186  0.0303235  0.000853409  0.0150843  0.00392763  0.00429659  0.0063235  7.42034e-005  0.00799767  0.0123377  0.00656739  0.012127  0.00701515  0.00556836  0.00140581  0.00345087  0.00395205  0.0035566  0.00469603  0.00441021  0.000506889  0.00175038  0.00270431  0.00317205  0.000747548  

key9.txt.kalman.txt    30
1  0.432772  0.0329761  0.0490839  0.00827518  0.0639456  0.0259388  0.00739095  0.0110812  0.00633959  0.00509393  0.00744367  0.00647228  0.00741781  0.0127855  0.00984909  0.0070476  0.0090876  0.000152758  0.00147312  0.00358701  0.00237553  0.00452476  0.00420007  0.00163655  0.0010967  0.00163273  0.00273617  0.00128931  0.0013126  

key10.txt.kalman.txt    30
1  0.413325  0.0332618  0.0474587  0.0158271  0.0600808  0.0307108  0.00775107  0.0118045  0.00584595  0.00256692  0.0104872  0.0069972  0.00878916  0.0110511  0.0086618  0.00901099  0.00837841  0.00121932  0.00252481  0.0033846  0.00182921  0.00642334  0.00215026  0.000904394  0.000855117  0.00170771  0.00201132  0.00011125  0.00133689  

